
7188656426
7183688725
7183738592
7189861258
7192092011
7192051090
7203929397
7203575577
7203952372
7203949853
7203932267
7203915748
7192013390
7198724951
7186247552
7203509375
7203505134
7202225145
7203457972
7203424731
7201208374
7203400674
7203355009
7203297655
7203134252
7202978650
7202942004
7202529549
7202249078
7201725818
7201487491
7198863166
7201063790
7194612080
7186003575
7200537912
7200168553
7200162558
7189204523
7199961695
7199914709
7199883544
7199880869
7199390899
7197270952
7187200185
7198845706
7198615136
7198602259
7198299552
7197998227
7196980587
7196848318
7196429932
7196207083
7195816402
7195778317
7195615552
7195563024
7195545910
7194655758
7194635351
7194569294
7194264028
7189668612
7193704694
7192596507
7191941770
7191573158
7191398012
7191046985
7190889601
7189916481
7189099055
7188809798
7188050158
7187803376
7187093175
7186871983
7186859923
7186797381
7186634245
7186602303
7186551604
7169319469
7186036681
7186026129
7185798671
7184172689
7183824026
7183741060
7183536773
7177703374
7182936027
7182934985
7182934281
7182933087
7182187198
7181899241
7168571013
7168072935
7180427031
7180424203
7179959759
7179675268
7178585113
7178157726
7177134865
7203110634
7204228658
7204893443
7205930410
7206391467
7206640155
7207008614
7207433518
7207445318
7207617539
7208011469
7196303148
7208097862
